1 0.53359375 0.1546875 0.0765625 0.0515625
1 0.5125 0.29296875 0.0828125 0.065625
1 0.61171875 0.71953125 0.053125 0.0375
1 0.47734375 0.6328125 0.0953125 0.059375
1 0.55859375 0.46015625 0.0625 0.053125
0 0.58671875 0.40703125 0.0171875 0.009375
0 0.6 0.40625 0.009375 0.009375
0 0.59609375 0.41796875 0.01875 0.0109375
0 0.5171875 0.4125 0.025 0.0125
0 0.43046875 0.27265625 0.0390625 0.021875
0 0.415625 0.21640625 0.0390625 0.021875
0 0.51640625 0.46015625 0.028125 0.015625
0 0.490625 0.4125 0.028125 0.0171875
0 0.59375 0.46640625 0.0078125 0.0125
0 0.59921875 0.525 0.01875 0.0109375
0 0.57421875 0.496875 0.0203125 0.0125
0 0.509375 0.55234375 0.028125 0.015625
0 0.6078125 0.6765625 0.01875 0.009375
0 0.6015625 0.75546875 0.0203125 0.0125
0 0.49765625 0.98125 0.028125 0.021875