1 0.44765625 0.36328125 0.05 0.059375
1 0.1734375 0.39765625 0.046875 0.0703125
1 0.3 0.4203125 0.059375 0.071875
1 0.59765625 0.45625 0.05 0.0796875
1 0.6875 0.2984375 0.034375 0.05
0 0.240625 0.51875 0.01875 0.034375
0 0.2890625 0.5046875 0.0171875 0.03125
0 0.40703125 0.31484375 0.009375 0.01875
0 0.39765625 0.32578125 0.009375 0.01875
0 0.39609375 0.31171875 0.009375 0.0109375
0 0.5296875 0.4171875 0.0125 0.025
0 0.44765625 0.409375 0.0125 0.025
0 0.40390625 0.4078125 0.0125 0.0234375
0 0.45234375 0.32421875 0.009375 0.01875
0 0.48046875 0.34140625 0.0109375 0.01875
0 0.50703125 0.31015625 0.009375 0.0171875
0 0.6484375 0.29921875 0.009375 0.0171875
0 0.72109375 0.30625 0.0109375 0.01875
0 0.90390625 0.42421875 0.01875 0.028125