1 0.246875 0.32578125 0.08671875 0.15078125
1 0.415625 0.31875 0.09375 0.13203125
0 0.19609375 0.16328125 0.015625 0.02734375
0 0.2359375 0.1578125 0.01484375 0.02421875
0 0.28359375 0.1546875 0.0140625 0.02421875
0 0.07421875 0.22890625 0.02265625 0.0359375
0 0.07578125 0.28515625 0.025 0.0421875
0 0.53515625 0.42109375 0.03046875 0.053125
0 0.55234375 0.3828125 0.025 0.04765625
0 0.5984375 0.328125 0.021875 0.03671875
0 0.64765625 0.20859375 0.01484375 0.025
1 0.78984375 0.30390625 0.08984375 0.10234375
1 0.70234375 0.54296875 0.1265625 0.20859375