1 0.42421875 0.8984375 0.06875 0.0546875
1 0.4625 0.80234375 0.075 0.053125
1 0.41640625 0.61484375 0.0640625 0.0453125
1 0.365625 0.3078125 0.0546875 0.034375
1 0.54453125 0.53203125 0.09375 0.0671875
0 0.56171875 0.91796875 0.034375 0.021875
0 0.55234375 0.86171875 0.0328125 0.01875
0 0.4609375 0.67734375 0.025 0.0140625
0 0.465625 0.63515625 0.0265625 0.015625
0 0.48515625 0.5546875 0.025 0.0140625
0 0.37265625 0.5671875 0.01875 0.009375
0 0.39375 0.55078125 0.0203125 0.0109375
0 0.35703125 0.60546875 0.015625 0.009375
0 0.35703125 0.6171875 0.0171875 0.009375
0 0.36796875 0.62265625 0.01875 0.009375
0 0.36171875 0.5015625 0.01875 0.009375
0 0.5515625 0.128125 0.0328125 0.0203125
0 0.3625 0.3421875 0.01875 0.009375
0 0.378125 0.2640625 0.01875 0.0109375