1 0.540625 0.28515625 0.0796875 0.0640625
0 0.4078125 0.22734375 0.0375 0.0203125
1 0.5796875 0.15234375 0.0765625 0.046875
1 0.6765625 0.67734375 0.053125 0.034375
1 0.45625 0.5921875 0.0875 0.053125
1 0.6046875 0.43671875 0.0640625 0.05
0 0.42421875 0.2765625 0.034375 0.01875
0 0.68984375 0.38046875 0.0171875 0.009375
0 0.6734375 0.38359375 0.015625 0.009375
0 0.68984375 0.3921875 0.01875 0.009375
0 0.66953125 0.4390625 0.0203125 0.0125
0 0.64375 0.46796875 0.025 0.0125
0 0.68515625 0.49453125 0.0171875 0.009375
0 0.54921875 0.43671875 0.025 0.015625
0 0.553125 0.39375 0.021875 0.0125
0 0.53046875 0.521875 0.025 0.0125
0 0.6703125 0.709375 0.021875 0.0140625
0 0.68671875 0.6375 0.01875 0.009375