1 0.1546875 0.46640625 0.0515625 0.0765625
1 0.29296875 0.4875 0.06484375 0.0828125
1 0.71953125 0.38828125 0.03671875 0.05390625
1 0.6328125 0.52265625 0.059375 0.0953125
1 0.46015625 0.44140625 0.05390625 0.06171875
0 0.40703125 0.41328125 0.01015625 0.0171875
0 0.40625 0.4 0.01015625 0.01015625
0 0.41796875 0.40390625 0.0109375 0.01875
0 0.4125 0.4828125 0.01328125 0.025
0 0.27265625 0.56953125 0.02265625 0.0390625
0 0.21640625 0.584375 0.02265625 0.0390625
0 0.46015625 0.48359375 0.01640625 0.028125
0 0.4125 0.509375 0.0171875 0.02890625
0 0.46640625 0.40625 0.01171875 0.0078125
0 0.525 0.40078125 0.0109375 0.01953125
0 0.496875 0.42578125 0.0125 0.0203125
0 0.55234375 0.490625 0.015625 0.02890625
0 0.6765625 0.3921875 0.01015625 0.01796875
0 0.75546875 0.3984375 0.01171875 0.0203125
0 0.98125 0.50234375 0.02109375 0.028125