0 0.03671875 0.6015625 0.0671875 0.09765625
0 0.053125 0.40546875 0.0421875 0.07265625
0 0.015625 0.2125 0.02421875 0.03984375
0 0.05859375 0.19140625 0.0234375 0.0390625
0 0.1125 0.1703125 0.01953125 0.03359375
0 0.540625 0.12421875 0.01484375 0.02734375
0 0.2390625 0.3890625 0.03828125 0.06484375
0 0.68828125 0.25234375 0.02578125 0.04765625
0 0.74375 0.3203125 0.034375 0.05703125
0 0.79921875 0.3703125 0.03671875 0.06328125
1 0.14765625 0.34609375 0.16796875 0.18828125
1 0.81640625 0.17109375 0.0984375 0.10078125