1 0.121875 0.3234375 0.05390625 0.08125
1 0.2546875 0.3453125 0.06015625 0.08203125
1 0.421875 0.278125 0.053125 0.06796875
1 0.5765625 0.38125 0.05703125 0.09140625
1 0.6875 0.19765625 0.03515625 0.05625
0 0.18046875 0.459375 0.02109375 0.0359375
0 0.2359375 0.44453125 0.01953125 0.03515625
0 0.3734375 0.32890625 0.01640625 0.02734375
0 0.41875 0.32734375 0.01484375 0.025
0 0.509375 0.33515625 0.0140625 0.02734375
0 0.375 0.23671875 0.009375 0.01640625
0 0.375 0.22265625 0.009375 0.01484375
0 0.38671875 0.22265625 0.009375 0.0171875
0 0.43359375 0.23203125 0.009375 0.0171875
0 0.46171875 0.25 0.01015625 0.01953125
0 0.49453125 0.21640625 0.01015625 0.01796875
0 0.72421875 0.2046875 0.01015625 0.01875
0 0.646875 0.1984375 0.009375 0.0171875
0 0.91875 0.33359375 0.0171875 0.03046875