0 0.68203125 0.86484375 0.0375 0.025
0 0.65546875 0.81171875 0.0328125 0.01875
0 0.5140625 0.7046875 0.025 0.0125
0 0.50859375 0.65859375 0.0265625 0.0140625
0 0.39609375 0.7375 0.015625 0.009375
0 0.39453125 0.725 0.0171875 0.0109375
0 0.409375 0.73515625 0.0203125 0.0109375
0 0.38046875 0.61953125 0.0171875 0.009375
0 0.42109375 0.64140625 0.015625 0.009375
0 0.40390625 0.6734375 0.01875 0.0109375
0 0.5046875 0.57109375 0.028125 0.015625
0 0.359375 0.4140625 0.0171875 0.009375
0 0.35546875 0.48203125 0.015625 0.009375
1 0.35625 0.44296875 0.046875 0.03125
1 0.553125 0.490625 0.08125 0.046875
0 0.475 0.2328125 0.025 0.015625
1 0.45546875 0.66640625 0.059375 0.053125
1 0.54765625 0.815625 0.078125 0.071875
1 0.53671875 0.975 0.08125 0.05