0 0.4171875 0.41484375 0.01484375 0.02734375
0 0.38828125 0.4328125 0.01484375 0.02734375
0 0.353125 0.55625 0.02265625 0.03671875
0 0.3734375 0.75390625 0.034375 0.06328125
0 0.4203125 0.63671875 0.028125 0.04921875
0 0.275 0.73203125 0.03359375 0.05625
0 0.26015625 0.7625 0.03671875 0.059375
0 0.55234375 0.596875 0.02578125 0.04296875
0 0.83203125 0.375 0.01640625 0.02421875
0 0.9515625 0.54921875 0.028125 0.04375
0 0.98515625 0.64140625 0.0296875 0.05703125
1 0.8296875 0.6046875 0.090625 0.15
1 0.4703125 0.3953125 0.065625 0.07265625