0 0.7015625 0.1734375 0.0390625 0.0265625
0 0.7046875 0.1984375 0.0375 0.025
0 0.68515625 0.2109375 0.046875 0.025
0 0.67578125 0.39453125 0.040625 0.0234375
0 0.74296875 0.5546875 0.025 0.0125
0 0.7421875 0.59921875 0.0265625 0.0125
0 0.73828125 0.65234375 0.025 0.015625
0 0.54296875 0.846875 0.0625 0.034375
0 0.52109375 0.68515625 0.06875 0.0359375
0 0.49453125 0.596875 0.0703125 0.040625
1 0.40390625 0.346875 0.3 0.2765625
1 0.48828125 0.01015625 0.1796875 0.0203125
1 0.721875 0.37578125 0.109375 0.090625