1 0.4625 0.40078125 0.046875 0.0640625
1 0.57109375 0.50546875 0.0640625 0.0921875
1 0.75546875 0.33828125 0.0359375 0.05546875
1 0.2890625 0.45234375 0.05234375 0.07265625
1 0.1875 0.425 0.04921875 0.0671875
0 0.19453125 0.5453125 0.02109375 0.03203125
0 0.24609375 0.5359375 0.02109375 0.03046875
0 0.40625 0.44609375 0.01484375 0.025
0 0.4484375 0.4484375 0.01328125 0.02578125
0 0.53046875 0.46015625 0.01484375 0.02734375
0 0.515625 0.3796875 0.0109375 0.0203125
0 0.4953125 0.36328125 0.0109375 0.01953125
0 0.4546875 0.35234375 0.01015625 0.0171875
0 0.43984375 0.36328125 0.009375 0.01640625
0 0.44296875 0.353125 0.0109375 0.0171875
0 0.5578125 0.3484375 0.0109375 0.01796875
0 0.7171875 0.3390625 0.01171875 0.01875
0 0.7984375 0.3484375 0.0109375 0.02109375
0 0.97109375 0.49140625 0.021875 0.0328125