0 0.2984375 0.8265625 0.0390625 0.0265625
0 0.2953125 0.8015625 0.0375 0.025
0 0.31484375 0.7890625 0.046875 0.025
0 0.32421875 0.60546875 0.040625 0.0234375
0 0.25703125 0.4453125 0.025 0.0125
0 0.2578125 0.40078125 0.0265625 0.0125
0 0.26171875 0.34765625 0.025 0.015625
0 0.45703125 0.153125 0.0625 0.034375
0 0.47890625 0.31484375 0.06875 0.0359375
0 0.50546875 0.403125 0.0703125 0.040625
1 0.59609375 0.653125 0.3 0.2765625
1 0.51171875 0.98984375 0.1796875 0.0203125
1 0.278125 0.62421875 0.109375 0.090625