1 0.28515625 0.459375 0.0640625 0.0796875
0 0.22734375 0.5921875 0.0203125 0.03671875
1 0.15234375 0.4203125 0.046875 0.0765625
1 0.67734375 0.3234375 0.03359375 0.05234375
1 0.5921875 0.54375 0.05234375 0.0875
1 0.43671875 0.3953125 0.05078125 0.0640625
0 0.2765625 0.57578125 0.01953125 0.034375
0 0.38046875 0.31015625 0.01015625 0.0171875
0 0.38359375 0.3265625 0.009375 0.015625
0 0.3921875 0.31015625 0.01015625 0.01953125
0 0.4390625 0.33046875 0.01171875 0.0203125
0 0.46796875 0.35625 0.01328125 0.02578125
0 0.49453125 0.31484375 0.01015625 0.0171875
0 0.43671875 0.45078125 0.01484375 0.025
0 0.39375 0.446875 0.01328125 0.02265625
0 0.521875 0.46953125 0.01328125 0.02578125
0 0.709375 0.3296875 0.0140625 0.021875
0 0.6375 0.31328125 0.01015625 0.01796875