1 0.1015625 0.42421875 0.05390625 0.06953125
1 0.19765625 0.4625 0.053125 0.07421875
1 0.38515625 0.41640625 0.0453125 0.0640625
1 0.6921875 0.365625 0.03359375 0.0546875
1 0.46796875 0.54453125 0.0671875 0.09296875
0 0.08203125 0.56171875 0.021875 0.034375
0 0.13828125 0.55234375 0.01953125 0.0328125
0 0.32265625 0.4609375 0.0140625 0.02578125
0 0.36484375 0.465625 0.01484375 0.0265625
0 0.4453125 0.48515625 0.0140625 0.02578125
0 0.4328125 0.37265625 0.01015625 0.01953125
0 0.44921875 0.39375 0.0109375 0.0203125
0 0.39453125 0.35703125 0.01015625 0.01640625
0 0.3828125 0.35703125 0.009375 0.0171875
0 0.37734375 0.36796875 0.01015625 0.01796875
0 0.4984375 0.36171875 0.01015625 0.01953125
0 0.871875 0.5515625 0.0203125 0.0328125
0 0.6578125 0.3625 0.01015625 0.01796875
0 0.7359375 0.378125 0.0109375 0.01875