1 0.09453125 0.3265625 0.053125 0.075
1 0.20078125 0.3578125 0.0578125 0.078125
1 0.3875 0.30234375 0.05 0.0671875
1 0.4890625 0.42109375 0.065625 0.096875
1 0.6875 0.23671875 0.034375 0.059375
0 0.65234375 0.23515625 0.0125 0.01875
0 0.73125 0.24609375 0.0125 0.01875
0 0.88359375 0.4015625 0.01875 0.034375
0 0.4921875 0.24296875 0.0125 0.01875
0 0.446875 0.27734375 0.0125 0.021875
0 0.4265625 0.2578125 0.0125 0.021875
0 0.3859375 0.24453125 0.0109375 0.01875
0 0.3734375 0.24375 0.009375 0.01875
0 0.3703125 0.25703125 0.009375 0.0171875
0 0.37109375 0.35234375 0.015625 0.028125
0 0.328125 0.35078125 0.01875 0.028125
0 0.45546875 0.3671875 0.0140625 0.025
0 0.09453125 0.46171875 0.021875 0.0359375
0 0.15078125 0.45078125 0.025 0.034375