0 0.13515625 0.68203125 0.02421875 0.03671875
0 0.18828125 0.65546875 0.01875 0.0328125
0 0.2953125 0.5140625 0.01328125 0.025
0 0.34140625 0.50859375 0.0140625 0.0265625
0 0.2625 0.39609375 0.01015625 0.01640625
0 0.275 0.39453125 0.0109375 0.0171875
0 0.26484375 0.409375 0.0109375 0.0203125
0 0.38046875 0.38046875 0.009375 0.0171875
0 0.35859375 0.42109375 0.01015625 0.015625
0 0.3265625 0.40390625 0.0109375 0.01796875
0 0.42890625 0.5046875 0.01484375 0.02734375
0 0.5859375 0.359375 0.009375 0.0171875
0 0.51796875 0.35546875 0.009375 0.015625
1 0.55703125 0.35625 0.03046875 0.04609375
1 0.509375 0.553125 0.04609375 0.08203125
0 0.7671875 0.475 0.015625 0.025
1 0.33359375 0.45546875 0.05390625 0.05859375
1 0.184375 0.54765625 0.07109375 0.07734375
1 0.025 0.53671875 0.04921875 0.08203125