0 0.20078125 0.2984375 0.02578125 0.04453125
0 0.22578125 0.28984375 0.0234375 0.040625
0 0.246875 0.31328125 0.02734375 0.04765625
0 0.43515625 0.27578125 0.02578125 0.0421875
0 0.66328125 0.11640625 0.01328125 0.02578125
0 0.61015625 0.1265625 0.015625 0.0234375
0 0.56640625 0.13671875 0.015625 0.02421875
0 0.78828125 0.4265625 0.0375 0.0671875
0 0.9359375 0.34609375 0.0375 0.06328125
0 0.7140625 0.4875 0.04453125 0.07421875
1 0.4078125 0.228125 0.096875 0.11015625
1 0.0875 0.72734375 0.175 0.3328125
1 0.76875 0.8 0.30078125 0.36875