1 0.8 0.6296875 0.053125 0.03125
1 0.60078125 0.5171875 0.084375 0.05
1 0.69765625 0.37421875 0.0625 0.046875
1 0.615625 0.21484375 0.071875 0.059375
1 0.634375 0.08515625 0.0703125 0.05
0 0.49765625 0.14609375 0.0328125 0.021875
0 0.74453125 0.3296875 0.015625 0.009375
0 0.75703125 0.328125 0.015625 0.0109375
0 0.75859375 0.33984375 0.015625 0.009375
0 0.77265625 0.4453125 0.015625 0.009375
0 0.734375 0.41328125 0.015625 0.0125
0 0.75 0.38671875 0.0171875 0.0109375
0 0.79765625 0.6640625 0.01875 0.009375
0 0.796875 0.5921875 0.01875 0.0125
0 0.67265625 0.83125 0.028125 0.0171875
0 0.64921875 0.32734375 0.025 0.015625
0 0.64765625 0.45703125 0.025 0.0125