0 0.63671875 0.3546875 0.028125 0.015625
0 0.6234375 0.31640625 0.0296875 0.015625
0 0.4421875 0.2484375 0.0640625 0.034375
0 0.52109375 0.21640625 0.0453125 0.025
0 0.3234375 0.1234375 0.084375 0.0515625
0 0.3578125 0.02109375 0.071875 0.0421875
0 0.4734375 0.428125 0.05625 0.03125
0 0.396875 0.96015625 0.071875 0.0453125
0 0.32109375 0.990625 0.08125 0.01875
0 0.49375 0.93046875 0.0546875 0.034375
0 0.65390625 0.8265625 0.028125 0.015625
1 0.4609375 0.7515625 0.190625 0.121875
1 0.65859375 0.4125 0.08125 0.071875