1 0.315625 0.34375 0.07265625 0.0765625
1 0.465625 0.6328125 0.12578125 0.184375
1 0.946875 0.50859375 0.10546875 0.1375
0 0.73515625 0.34921875 0.01640625 0.0265625
0 0.7078125 0.57578125 0.03125 0.053125
0 0.659375 0.70234375 0.04140625 0.06796875
0 0.64296875 0.80546875 0.04609375 0.084375
0 0.265625 0.359375 0.01640625 0.028125
0 0.21875 0.37421875 0.01796875 0.02890625
0 0.21875 0.58046875 0.03203125 0.053125
0 0.03359375 0.6140625 0.03671875 0.0609375
0 0.05625 0.5109375 0.02890625 0.05078125