1 0.6296875 0.2 0.03125 0.053125
1 0.5171875 0.39921875 0.05 0.084375
1 0.37421875 0.30234375 0.046875 0.0625
1 0.21484375 0.384375 0.059375 0.071875
1 0.08515625 0.365625 0.05 0.0703125
0 0.14609375 0.50234375 0.021875 0.0328125
0 0.3296875 0.25546875 0.009375 0.015625
0 0.328125 0.24296875 0.0109375 0.015625
0 0.33984375 0.24140625 0.009375 0.015625
0 0.4453125 0.22734375 0.009375 0.015625
0 0.41328125 0.265625 0.0125 0.015625
0 0.38671875 0.25 0.0109375 0.0171875
0 0.6640625 0.20234375 0.009375 0.01875
0 0.5921875 0.203125 0.0125 0.01875
0 0.83125 0.32734375 0.015625 0.028125
0 0.32734375 0.35078125 0.015625 0.025
0 0.45703125 0.35234375 0.0125 0.025