1 0.565625 0.303125 0.03125 0.0484375
1 0.5015625 0.5171875 0.02421875 0.0734375
1 0.328125 0.403125 0.04453125 0.05625
1 0.175 0.49296875 0.06171875 0.0703125
1 0.028125 0.4734375 0.05078125 0.07578125
0 0.11796875 0.63046875 0.021875 0.03046875
0 0.2875 0.4625 0.01640625 0.02421875
0 0.27265625 0.3484375 0.00859375 0.0171875
0 0.2703125 0.3328125 0.009375 0.015625
0 0.28203125 0.33203125 0.009375 0.015625
0 0.41953125 0.4625 0.0140625 0.02421875
0 0.76328125 0.44453125 0.015625 0.025
0 0.59765625 0.30703125 0.01015625 0.02109375
0 0.528125 0.29921875 0.0109375 0.01484375