1 0.59921875 0.4625 0.0640625 0.046875
1 0.49453125 0.57109375 0.0921875 0.0640625
1 0.66171875 0.75546875 0.05625 0.0359375
1 0.54765625 0.2890625 0.071875 0.053125
1 0.575 0.1875 0.0671875 0.05
0 0.4546875 0.19453125 0.03125 0.021875
0 0.4640625 0.24609375 0.03125 0.021875
0 0.55390625 0.40625 0.025 0.015625
0 0.5515625 0.4484375 0.025 0.0125
0 0.53984375 0.53046875 0.028125 0.015625
0 0.6203125 0.515625 0.0203125 0.0109375
0 0.63671875 0.4953125 0.01875 0.0109375
0 0.64765625 0.4546875 0.0171875 0.009375
0 0.63671875 0.43984375 0.015625 0.009375
0 0.646875 0.44296875 0.0171875 0.0109375
0 0.6515625 0.5578125 0.01875 0.0109375
0 0.6609375 0.7171875 0.01875 0.0125
0 0.6515625 0.7984375 0.021875 0.0109375
0 0.50859375 0.97109375 0.0328125 0.021875