1 0.3515625 0.25625 0.06875 0.0765625
1 0.9515625 0.47734375 0.09609375 0.1375
1 0.47265625 0.57265625 0.12109375 0.16875
0 0.303125 0.2703125 0.015625 0.02890625
0 0.259375 0.2859375 0.01640625 0.028125
0 0.253125 0.5 0.02890625 0.04765625
0 0.1078125 0.41875 0.025 0.04296875
0 0.0875 0.52265625 0.03125 0.05234375
0 0.7671875 0.284375 0.01640625 0.02734375
0 0.71015625 0.52578125 0.028125 0.0515625
0 0.65 0.65234375 0.03828125 0.065625
0 0.62421875 0.7515625 0.04140625 0.07578125
1 0.896875 0.98671875 0.1171875 0.0265625