1 0.303125 0.434375 0.0484375 0.03125
1 0.5171875 0.4984375 0.0734375 0.025
1 0.403125 0.671875 0.05625 0.04375
1 0.49296875 0.825 0.0703125 0.0625
1 0.4734375 0.971875 0.075 0.05
0 0.63046875 0.88203125 0.03125 0.021875
0 0.4625 0.7125 0.025 0.015625
0 0.3484375 0.72734375 0.0171875 0.009375
0 0.3328125 0.7296875 0.015625 0.009375
0 0.33203125 0.71796875 0.015625 0.009375
0 0.4625 0.58046875 0.025 0.0140625
0 0.44453125 0.23671875 0.025 0.015625
0 0.30703125 0.40234375 0.021875 0.009375
0 0.29921875 0.471875 0.015625 0.0109375