0 0.1734375 0.2984375 0.0265625 0.0390625
0 0.1984375 0.2953125 0.02421875 0.03828125
0 0.2109375 0.31484375 0.02421875 0.04609375
0 0.39453125 0.32421875 0.0234375 0.040625
0 0.5546875 0.25703125 0.01328125 0.02578125
0 0.59921875 0.2578125 0.0125 0.0265625
0 0.65234375 0.26171875 0.01484375 0.025
0 0.846875 0.45703125 0.034375 0.06171875
0 0.68515625 0.47890625 0.0359375 0.06875
0 0.596875 0.50546875 0.040625 0.0703125
1 0.346875 0.59609375 0.2765625 0.30078125
1 0.01015625 0.51171875 0.0203125 0.1796875
1 0.37578125 0.278125 0.08984375 0.10859375