1 0.38515625 0.65 0.28203125 0.33203125
1 0.31953125 0.2796875 0.09765625 0.12109375
0 0.096875 0.3125 0.02734375 0.0484375
0 0.12578125 0.30859375 0.0265625 0.046875
0 0.14609375 0.33046875 0.028125 0.046875
0 0.3453125 0.3265625 0.02734375 0.04609375
0 0.48984375 0.2421875 0.0140625 0.028125
0 0.5328125 0.240625 0.0140625 0.0265625
0 0.584375 0.24140625 0.0140625 0.0265625
0 0.81640625 0.43984375 0.03515625 0.0640625
0 0.6734375 0.4796875 0.0390625 0.07265625
0 0.5953125 0.515625 0.04296875 0.07890625