1 0.459375 0.71484375 0.0796875 0.0640625
0 0.5921875 0.77265625 0.0375 0.0203125
1 0.4203125 0.84765625 0.0765625 0.046875
1 0.3234375 0.32265625 0.053125 0.034375
1 0.54375 0.4078125 0.0875 0.053125
1 0.3953125 0.56328125 0.0640625 0.05
0 0.57578125 0.7234375 0.034375 0.01875
0 0.31015625 0.61953125 0.0171875 0.009375
0 0.3265625 0.61640625 0.015625 0.009375
0 0.31015625 0.6078125 0.01875 0.009375
0 0.33046875 0.5609375 0.0203125 0.0125
0 0.35625 0.53203125 0.025 0.0125
0 0.31484375 0.50546875 0.0171875 0.009375
0 0.45078125 0.56328125 0.025 0.015625
0 0.446875 0.60625 0.021875 0.0125
0 0.46953125 0.478125 0.025 0.0125
0 0.3296875 0.290625 0.021875 0.0140625
0 0.31328125 0.3625 0.01875 0.009375