1 0.696875 0.565625 0.0484375 0.03125
1 0.4828125 0.5015625 0.0734375 0.025
1 0.596875 0.328125 0.05625 0.04375
1 0.50703125 0.175 0.0703125 0.0625
1 0.5265625 0.028125 0.075 0.05
0 0.36953125 0.11796875 0.03125 0.021875
0 0.5375 0.2875 0.025 0.015625
0 0.6515625 0.27265625 0.0171875 0.009375
0 0.6671875 0.2703125 0.015625 0.009375
0 0.66796875 0.28203125 0.015625 0.009375
0 0.5375 0.41953125 0.025 0.0140625
0 0.55546875 0.76328125 0.025 0.015625
0 0.69296875 0.59765625 0.021875 0.009375
0 0.70078125 0.528125 0.015625 0.0109375