0 0.3546875 0.36328125 0.015625 0.028125
0 0.31640625 0.3765625 0.015625 0.0296875
0 0.2484375 0.5578125 0.034375 0.0640625
0 0.21640625 0.47890625 0.025 0.0453125
0 0.1234375 0.6765625 0.0515625 0.084375
0 0.02109375 0.6421875 0.0421875 0.071875
0 0.428125 0.5265625 0.03125 0.05625
0 0.96015625 0.603125 0.04375 0.071875
0 0.990625 0.67890625 0.01875 0.08125
0 0.93046875 0.50625 0.034375 0.0546875
0 0.8265625 0.34609375 0.015625 0.028125
1 0.7515625 0.5390625 0.121875 0.190625
1 0.4125 0.34140625 0.071875 0.08125