1 0.32578125 0.753125 0.15 0.0875
1 0.31875 0.584375 0.13125 0.09375
0 0.16328125 0.80390625 0.028125 0.015625
0 0.1578125 0.7640625 0.025 0.015625
0 0.1546875 0.71640625 0.025 0.0140625
0 0.22890625 0.92578125 0.0359375 0.0234375
0 0.28515625 0.92421875 0.0421875 0.025
0 0.42109375 0.46484375 0.053125 0.03125
0 0.3828125 0.44765625 0.046875 0.025
0 0.328125 0.4015625 0.0375 0.021875
0 0.20859375 0.35234375 0.025 0.015625
1 0.30390625 0.21015625 0.103125 0.090625
1 0.54296875 0.29765625 0.209375 0.1265625