1 0.6765625 0.121875 0.08125 0.053125
1 0.6546875 0.2546875 0.08125 0.059375
1 0.721875 0.421875 0.06875 0.053125
1 0.61875 0.5765625 0.090625 0.05625
1 0.80234375 0.6875 0.05625 0.034375
0 0.540625 0.18046875 0.0359375 0.021875
0 0.55546875 0.2359375 0.034375 0.01875
0 0.67109375 0.3734375 0.028125 0.015625
0 0.67265625 0.41875 0.025 0.015625
0 0.66484375 0.509375 0.028125 0.0140625
0 0.76328125 0.375 0.015625 0.009375
0 0.77734375 0.375 0.015625 0.009375
0 0.77734375 0.38671875 0.0171875 0.009375
0 0.76796875 0.43359375 0.0171875 0.009375
0 0.75 0.46171875 0.01875 0.009375
0 0.78359375 0.49453125 0.01875 0.009375
0 0.7953125 0.72421875 0.01875 0.009375
0 0.8015625 0.646875 0.0171875 0.009375
0 0.66640625 0.91875 0.03125 0.0171875